130801006
160301016
10114013
71301001
90403004
190702007
140706029
10115010
60104017
150601018
191001001
211502004
211805039
211805043
130902001
131101041
130901065
190501004
211103004
130904002
110202029
80501006
91001007
30403006
110306001
100501036
110601043
60401010
191203014
150601022
10122033
230105007
10118005
140704003
131201007
30601004
131202008
21201001
220301001
71001004
92201002
130901103
110503001
171401012
140807006
60101018
131101031
210906002
240105011
130301050
20302077
170801009
240107005
40302001
50208003
20302022
211101002
210906001
10107012
21302006
210803004
90801001
210402001
40202017
130901081
120405003
101301009
40103016
100301008
70201018
40801013
